16
53 13
28 26 38
15 93 50 95
04 30 40 85 12
23 72 92 85 66 80
91 71 95 80 87 55 67
00 84 60 16 90 26 96 16
16 11 62 18 58 66 00 51 51
12 74 75 04 11 94 84 54 65 32
35 05 39 54 05 76 66 21 66 92 17
34 08 80 48 26 38 14 26 89 18 38 15
93 95 78 87 31 33 05 15 68 10 55 74 15
83 40 88 01 33 57 35 93 89 36 72 27 50 50
69 20 41 36 66 36 15 53 19 00 58 35 20 20 42
94 87 25 34 75 78 19 84 65 65 73 01 37 01 04 87
22 24 80 10 90 16 77 96 36 77 06 23 97 79 65 91 66
42 78 42 20 49 26 85 14 00 39 51 53 43 91 27 67 71 37
10 40 15 58 28 92 16 03 42 95 68 33 62 62 63 56 34 13 82
71 27 34 10 31 39 53 74 66 73 97 04 83 89 71 93 17 15 09 72
57 05 40 91 19 54 06 75 88 19 09 60 47 44 70 30 35 76 04 02 49
53 58 84 43 29 77 12 44 38 85 02 43 77 45 14 32 03 89 72 23 99 84
22 95 07 52 30 83 08 32 32 61 42 16 56 23 45 69 20 83 54 22 79 31 19
93 15 74 83 88 97 34 72 71 29 79 75 59 62 83 44 46 97 38 62 53 62 07 74
82 43 28 56 22 60 27 67 27 01 50 15 51 36 40 22 65 71 98 77 34 33 73 32 30
11 95 36 73 54 10 07 49 39 63 71 51 90 91 30 44 93 46 95 30 86 17 95 57 15 24
43 49 97 76 31 09 23 67 34 29 30 42 79 21 05 02 24 48 93 54 92 87 52 87 17 38 04
64 48 72 89 43 73 86 71 04 47 94 24 82 76 06 24 55 27 29 09 03 77 03 57 21 42 10 08
11 00 65 75 00 89 16 44 62 03 67 18 50 14 94 32 90 00 08 97 79 38 06 82 67 61 92 41 55
02 49 66 54 66 42 55 07 58 51 21 13 18 40 16 32 86 00 74 39 09 23 18 99 82 53 18 43 45 59
51 47 61 17 01 27 11 08 87 70 59 08 35 30 48 51 14 87 04 89 26 13 12 44 64 46 97 82 90 42 42
93 41 03 10 95 82 22 03 69 44 63 78 79 45 78 83 59 65 39 48 43 52 13 88 68 59 37 50 01 32 44 94
73 99 57 20 82 79 24 03 23 39 33 54 84 64 89 43 81 28 44 25 32 09 65 00 68 02 03 22 34 47 68 60 47
25 32 81 04 56 36 79 47 22 86 83 86 27 79 19 08 75 44 40 84 61 93 04 64 96 78 50 95 47 62 94 72 47 27
77 55 64 08 03 38 46 38 76 74 69 95 82 44 92 74 80 53 19 85 69 67 63 72 63 10 86 57 35 33 37 64 89 53 72
44 91 19 34 67 45 04 14 79 48 58 53 29 64 25 66 33 92 81 57 55 92 96 65 27 81 02 91 70 07 15 66 98 86 01 17
83 05 31 62 05 90 68 86 06 93 04 39 85 86 49 93 30 97 10 57 78 64 00 01 71 67 19 69 54 20 38 89 77 21 52 35 63
20 21 69 65 26 61 50 12 10 95 42 59 05 51 37 69 03 90 92 22 10 61 28 30 51 18 60 73 70 95 36 42 68 06 07 94 67 09
58 29 05 52 88 62 55 77 32 10 68 24 33 78 38 61 60 41 79 72 14 01 67 51 43 36 09 02 82 76 12 93 57 69 97 45 31 53 74
15 63 42 92 96 72 82 10 85 23 41 57 90 43 77 93 38 65 02 41 99 30 05 92 87 26 42 84 09 95 58 77 10 53 69 07 77 03 69 62
78 10 72 68 53 01 61 92 66 15 85 65 45 42 10 32 68 52 68 77 99 79 54 09 32 75 68 61 30 37 76 09 48 48 29 53 49 91 97 67 06
82 32 04 76 94 36 44 98 57 74 97 36 80 07 20 08 27 81 38 65 57 99 65 57 29 18 06 72 16 73 30 50 58 34 27 04 23 23 03 80 97 52
68 30 11 88 38 39 69 28 04 79 80 69 36 09 39 43 33 55 68 63 58 78 50 85 35 73 08 90 05 58 42 25 88 06 13 78 45 34 06 01 13 38 22
50 47 61 45 32 69 65 48 27 96 98 64 31 23 72 73 80 30 15 05 70 73 70 48 18 04 07 71 18 45 93 20 45 07 65 77 76 82 77 55 78 27 19 61
50 91 34 82 74 02 87 96 75 09 45 46 14 04 17 84 01 63 04 46 70 21 76 46 03 53 53 34 81 72 47 83 15 34 18 41 88 05 38 15 15 35 61 81 39
31 65 40 94 69 39 64 90 15 62 45 20 15 31 53 39 79 89 54 65 07 96 53 64 86 68 31 21 82 12 12 13 77 04 59 98 43 23 40 10 37 38 83 52 69 36
43 00 25 97 65 84 45 70 49 83 39 80 56 73 93 68 38 22 73 97 73 68 72 13 79 09 03 62 13 73 50 56 25 28 05 91 12 03 61 61 38 52 42 95 77 87 63
15 61 36 64 86 05 36 00 36 97 03 98 10 28 00 18 54 28 76 97 41 79 10 02 17 15 96 12 92 35 28 60 49 16 24 35 73 13 87 09 10 43 59 73 71 60 91 77
40 19 74 81 98 85 36 68 52 84 32 44 20 60 56 21 29 33 56 02 46 44 12 08 87 23 81 10 35 25 88 76 44 14 57 95 51 93 15 03 30 47 48 50 60 56 23 89 89
79 91 35 23 55 96 62 31 77 73 66 54 13 42 51 27 00 98 79 45 13 34 27 12 34 29 24 91 52 13 80 32 57 16 07 64 64 70 95 41 95 62 48 60 04 51 87 56 49 18
54 14 53 81 26 39 11 51 30 63 16 11 47 73 79 55 38 43 77 33 36 24 47 36 84 52 87 23 60 88 94 66 02 99 00 29 38 63 32 69 78 48 32 26 74 11 33 64 54 10 49
42 86 97 79 22 01 66 45 13 07 91 80 09 90 80 90 81 43 22 50 73 23 82 99 49 45 32 13 51 94 14 93 32 11 72 54 12 91 00 26 98 91 58 59 34 90 50 15 85 24 17 58
99 51 58 00 96 42 13 47 89 28 92 21 91 17 28 56 60 80 34 10 23 92 69 57 82 71 24 19 96 41 77 47 92 87 48 40 30 13 39 71 41 32 44 85 49 72 41 09 52 75 19 76 19
40 85 01 12 10 72 08 03 49 55 48 37 55 88 19 69 28 90 62 12 86 47 61 59 88 22 63 15 93 91 34 33 77 87 45 39 59 53 42 09 61 90 98 68 31 17 37 11 59 00 23 45 99 36
56 88 58 20 55 51 63 90 84 40 77 30 79 37 35 74 98 48 64 96 17 47 65 06 58 24 58 81 21 58 17 78 98 27 50 53 78 13 43 15 06 73 97 85 62 32 11 12 33 76 08 02 75 25 08
34 49 19 67 70 77 37 00 75 64 50 28 95 16 24 10 22 97 07 59 11 91 71 23 76 99 31 30 74 08 39 60 57 58 28 79 87 65 32 62 81 34 42 76 50 66 38 24 15 45 36 26 89 59 49 17
10 32 48 36 40 39 97 49 49 25 29 36 42 13 50 23 47 92 00 98 11 38 74 78 36 10 05 77 21 06 46 31 91 94 68 31 85 65 81 34 42 62 22 84 75 24 59 22 69 11 72 32 02 99 10 38 61
67 67 83 74 13 14 17 60 82 48 45 99 81 32 41 95 06 77 22 83 89 97 52 00 21 84 02 20 46 92 82 14 59 65 40 25 31 57 37 66 57 34 65 39 18 59 86 25 36 09 60 77 06 12 78 27 48 32
48 94 25 82 60 36 99 00 13 30 09 50 96 67 85 62 58 03 73 44 80 09 53 40 87 11 04 17 39 52 49 39 99 26 21 59 63 72 12 28 02 21 79 51 88 16 65 98 71 38 43 52 47 48 44 86 60 01 55
51 05 57 42 04 83 15 16 98 87 28 27 89 49 06 92 90 74 57 40 45 95 83 97 43 84 94 81 96 47 89 99 52 46 41 09 81 56 25 80 95 05 07 36 06 65 29 48 39 86 89 84 82 24 34 77 08 80 58 56
27 99 55 31 45 48 40 27 56 17 59 51 74 66 88 81 83 17 29 74 03 70 10 85 95 96 14 03 76 73 12 55 24 67 87 70 68 79 49 24 49 08 76 75 26 16 56 09 33 38 35 88 08 45 26 55 42 40 11 70 65
23 26 90 42 65 12 10 96 61 35 45 69 63 73 95 79 29 56 64 19 91 04 80 88 30 35 82 23 46 53 40 69 79 82 12 96 94 74 92 07 09 90 28 72 63 75 03 44 31 67 16 74 72 96 15 54 31 97 29 30 50 70
51 81 52 63 29 99 38 22 06 99 64 35 24 27 10 27 23 94 47 39 20 71 35 35 25 19 33 55 49 35 77 00 69 81 16 98 80 06 72 39 05 36 74 81 15 36 09 39 30 08 78 51 79 66 86 04 85 71 11 86 59 40 38
28 22 06 78 54 12 51 93 70 87 19 03 03 56 12 94 86 20 24 89 99 90 76 56 27 99 19 65 58 60 04 38 34 62 17 40 27 68 34 97 07 05 00 62 61 65 56 00 37 81 89 89 23 17 97 51 69 68 16 27 28 72 18 14
35 35 55 62 55 41 11 14 46 63 29 60 80 85 60 70 18 01 11 42 19 08 45 88 76 13 67 57 38 85 23 73 72 30 87 79 71 50 46 70 13 75 30 46 12 42 16 31 43 79 25 62 87 22 02 15 35 22 24 73 07 00 98 32 30
37 63 54 87 09 24 53 84 06 99 97 48 67 80 43 46 57 58 85 31 60 52 66 82 29 92 42 29 42 26 59 80 89 13 19 51 89 72 87 95 23 36 95 90 16 39 88 25 97 25 56 09 30 75 44 59 19 38 88 61 64 99 93 05 65 13
56 54 85 44 02 09 80 49 51 49 40 92 26 89 69 83 51 99 10 95 58 29 33 98 42 49 50 36 54 15 49 11 21 86 07 75 95 39 77 99 40 69 43 67 59 12 02 10 12 12 57 22 93 42 73 35 91 75 71 45 42 20 08 63 07 67 91
54 59 20 05 99 89 48 18 48 13 20 10 77 84 19 51 77 61 76 13 52 51 84 98 93 57 58 09 16 26 52 70 37 72 28 36 61 28 55 62 93 75 24 70 12 44 74 89 05 50 02 58 02 39 08 47 96 18 56 12 96 08 34 33 32 14 70 94
43 77 08 36 04 32 59 16 76 33 06 34 83 60 92 37 99 52 85 95 22 93 59 19 02 94 52 34 08 74 80 03 03 88 40 08 73 51 24 49 84 82 35 19 43 27 57 42 31 94 90 54 87 49 25 41 95 29 28 04 56 60 07 59 49 99 67 74 50
44 75 86 78 11 06 73 90 15 68 22 09 58 28 48 59 53 42 55 34 70 11 90 30 18 50 31 70 69 05 20 65 81 07 44 92 65 69 34 80 37 56 41 47 36 41 07 41 83 14 76 05 25 66 88 95 16 71 65 38 29 38 03 10 45 99 54 62 69 40
94 58 97 87 06 33 28 13 75 64 79 03 21 04 69 09 99 38 81 65 76 10 03 31 72 00 31 78 62 52 18 08 10 67 95 68 53 23 33 80 39 12 83 61 16 52 70 68 42 03 33 18 65 88 02 89 88 33 19 02 37 90 10 99 57 57 68 62 80 01 42
20 14 77 33 82 30 55 50 24 59 35 43 76 23 45 66 63 30 85 17 19 27 27 18 85 36 38 47 17 40 42 89 06 19 74 40 01 29 91 26 88 78 21 17 02 18 83 65 48 20 83 19 48 62 37 85 51 28 84 68 68 26 09 26 98 83 18 51 12 61 77 53
40 50 22 42 68 05 59 68 77 94 87 77 09 77 62 60 05 99 80 25 77 41 51 75 24 69 27 88 31 56 93 71 07 15 65 75 72 76 44 02 71 31 79 32 08 94 44 65 93 24 90 70 65 41 98 41 63 77 81 46 33 75 69 40 42 86 68 15 62 64 69 85 47
48 17 08 94 61 73 87 37 64 10 02 57 60 95 20 37 77 18 70 04 87 63 46 73 83 13 36 47 82 73 46 83 91 54 77 04 28 17 42 44 79 96 01 39 92 74 76 69 92 98 73 32 13 71 57 48 85 45 47 19 19 94 02 62 48 32 66 28 01 08 24 80 57 26
71 49 52 47 70 96 97 43 80 63 66 38 11 03 83 59 23 54 53 77 16 53 61 35 34 62 95 58 42 52 36 13 01 40 12 71 37 62 66 17 77 33 07 88 36 43 99 11 97 04 41 66 10 02 01 44 17 96 54 11 49 91 77 50 31 41 74 20 03 92 90 32 25 97 21
14 40 72 77 38 77 70 04 39 25 05 35 42 53 89 05 02 32 82 05 16 24 79 36 79 71 26 12 49 76 85 15 16 09 44 06 38 15 10 77 40 67 12 34 21 02 39 75 86 74 80 02 98 11 91 29 83 17 93 84 93 78 51 62 40 95 68 78 10 31 56 02 50 68 36 23
22 28 99 09 02 79 63 52 91 54 33 26 24 27 62 69 57 13 31 97 08 00 76 71 83 84 73 33 52 62 57 27 42 08 88 44 87 51 48 30 06 81 08 30 60 70 99 18 83 31 67 44 83 43 15 66 79 88 51 84 02 60 11 44 68 99 88 08 02 88 38 08 22 47 38 82 17
90 00 53 73 68 97 56 63 12 74 43 52 77 79 55 38 90 99 06 41 40 14 43 80 05 04 02 52 94 85 21 84 85 26 57 05 23 65 21 87 91 16 40 69 95 47 59 37 46 17 30 38 32 73 19 89 77 21 93 24 58 66 08 96 93 18 01 68 35 74 56 27 90 48 48 37 95 59
26 93 76 56 84 08 30 55 49 59 28 42 83 87 09 44 83 02 14 36 70 49 11 78 28 53 78 28 43 25 87 69 19 64 26 55 24 08 10 74 19 38 68 03 77 77 99 60 31 13 97 54 14 08 32 95 13 63 23 56 88 63 26 59 79 52 14 03 60 76 29 79 15 98 34 44 27 85 05
59 50 02 13 65 62 97 12 75 12 35 84 01 50 10 60 29 14 75 33 26 03 14 57 70 64 44 15 44 29 20 03 80 74 68 97 36 17 09 63 30 96 47 83 47 09 43 76 23 70 61 01 74 28 59 44 92 03 59 36 84 79 91 16 05 11 13 93 81 74 57 11 71 56 94 18 18 89 46 93
60 08 95 34 36 06 30 80 09 90 69 93 21 12 62 27 24 75 20 05 50 29 68 73 38 14 43 56 03 89 49 63 49 96 49 37 02 80 70 63 22 39 09 43 51 71 70 27 98 43 32 48 72 52 73 62 66 16 18 70 58 20 85 07 68 87 97 71 19 67 86 41 58 95 84 09 18 07 89 17 02
21 17 26 26 91 89 92 59 59 14 17 79 52 25 48 39 22 71 58 41 09 51 99 57 87 60 75 94 49 92 48 23 10 75 49 53 64 41 12 23 08 30 55 60 07 55 51 81 78 61 22 87 12 21 44 99 81 72 46 31 64 94 54 26 21 55 31 37 96 44 13 56 26 20 68 33 75 19 66 05 32 88
44 96 61 41 48 42 13 94 25 29 40 31 56 14 86 39 51 35 83 16 91 61 36 12 94 11 83 60 68 16 00 13 64 61 54 12 56 67 58 33 96 99 65 04 65 03 44 16 38 79 33 82 41 21 46 87 33 29 00 53 97 52 66 62 14 72 74 22 91 33 55 40 84 72 96 49 76 40 17 66 72 02 00
65 24 46 04 09 28 04 62 25 57 81 39 23 05 14 45 97 99 52 37 83 77 33 84 05 26 01 23 50 56 24 15 80 22 19 41 02 76 55 28 85 36 19 08 42 33 05 91 32 09 80 15 86 13 99 91 91 53 15 41 09 91 08 41 65 80 82 68 56 89 48 41 78 67 01 72 53 06 63 85 67 43 53 54
08 04 97 00 57 64 93 18 55 54 11 73 34 45 41 90 35 89 83 13 08 84 85 61 42 48 99 09 43 52 15 51 56 13 03 66 77 97 36 85 51 48 58 37 45 51 27 80 92 62 93 00 46 30 14 88 30 13 49 73 65 65 77 73 30 80 91 59 29 80 96 32 80 54 69 25 57 48 06 49 10 51 02 08 34
16 48 64 29 98 90 46 15 67 71 45 99 15 56 29 95 53 61 75 59 83 00 17 83 58 18 94 10 20 54 44 88 03 60 69 53 50 15 68 17 39 65 17 54 21 98 49 26 11 76 86 94 76 03 78 87 73 24 97 94 78 93 82 33 53 52 86 56 19 06 73 10 23 42 64 97 92 65 23 04 93 61 50 70 16 28
09 90 04 06 84 35 51 18 68 04 22 07 12 94 65 38 04 89 80 21 38 73 38 61 29 32 23 79 54 91 60 63 81 64 21 65 99 72 36 68 28 10 27 41 04 92 79 61 81 11 34 71 36 72 33 65 04 08 97 10 99 57 73 33 21 94 50 21 18 86 41 47 97 68 40 53 12 19 14 46 30 48 17 19 73 50 36
77 10 33 40 62 90 13 95 12 60 45 85 78 84 78 25 81 98 65 86 10 36 01 56 19 01 74 38 74 76 74 04 39 08 44 01 50 09 48 14 69 93 99 00 29 29 77 62 27 95 49 90 31 02 46 02 03 72 40 30 01 67 86 40 27 82 93 77 91 41 44 13 86 43 65 16 25 42 30 52 37 79 94 21 81 93 23 37
65 16 19 18 35 05 58 62 39 03 91 82 44 35 47 83 31 12 51 56 55 81 60 92 13 55 65 94 48 89 83 65 05 02 84 40 59 94 54 98 98 97 33 94 85 80 29 16 93 80 24 48 14 36 92 27 91 58 73 91 47 57 09 04 11 93 96 71 39 50 21 37 99 54 84 84 35 13 52 80 46 76 28 12 13 72 39 56 30
12 00 29 21 09 85 33 54 81 04 93 83 77 83 83 84 19 19 71 84 72 51 30 00 79 42 65 03 33 74 86 46 74 67 19 35 53 52 89 86 08 34 70 86 69 05 70 88 24 41 73 48 44 55 49 75 50 66 78 83 40 64 81 66 32 01 01 37 53 90 23 14 77 93 00 46 98 22 87 75 15 12 23 59 67 24 34 17 43 64
53 83 29 34 50 13 87 51 50 41 94 73 07 71 19 07 69 69 81 56 96 48 68 20 59 88 96 93 57 39 09 10 75 38 97 77 03 84 28 05 77 74 31 84 97 50 43 67 19 24 75 16 24 96 88 83 84 36 76 41 28 38 04 03 76 01 80 32 85 60 37 63 87 68 47 84 70 91 03 42 67 79 10 92 27 50 75 11 86 04 04
66 42 08 69 70 61 01 54 47 14 92 10 01 12 09 85 83 00 41 77 20 72 87 12 99 37 39 10 75 43 66 42 37 27 63 08 88 65 62 35 31 06 97 32 71 07 69 06 59 10 83 79 82 22 43 81 59 83 43 86 78 62 28 16 89 44 76 77 61 90 65 92 49 62 24 20 21 45 78 33 56 61 12 90 83 08 24 94 43 19 32 21
81 13 89 22 57 17 52 18 08 69 62 09 31 38 81 05 83 59 38 91 20 02 34 55 62 58 01 05 29 33 27 63 98 68 85 55 86 89 25 46 58 87 55 42 25 36 47 09 47 37 52 67 91 86 74 54 44 27 59 26 12 38 89 11 59 26 66 45 16 44 43 26 31 50 68 09 38 67 70 85 56 22 04 48 09 78 54 05 57 13 31 69 04
72 80 63 99 99 60 67 43 55 93 26 05 14 35 43 33 57 28 90 80 32 38 89 62 44 94 19 09 78 40 13 50 73 28 01 72 88 68 67 95 14 45 00 28 33 43 61 90 23 03 70 07 93 11 21 37 58 92 47 36 33 60 86 06 41 88 30 81 08 49 77 22 46 77 02 79 73 16 22 48 19 44 08 13 56 29 50 14 74 49 02 07 62 40
65 03 80 47 84 89 48 61 63 94 91 66 26 16 34 48 64 53 92 72 18 00 54 21 66 28 70 68 87 32 09 04 35 89 51 72 30 99 85 94 45 28 12 71 44 46 19 61 51 64 33 70 64 39 91 31 67 61 99 06 46 60 10 81 02 61 05 32 12 91 78 58 71 42 29 16 88 01 77 40 65 62 62 81 02 53 12 21 66 64 28 12 76 38 46
78 52 51 63 16 94 93 74 66 36 56 34 76 09 11 16 26 73 30 07 27 83 72 49 50 36 29 14 64 19 60 43 71 64 58 88 10 51 14 76 87 70 62 64 31 73 32 57 99 63 65 26 98 37 27 00 25 08 15 89 28 75 84 99 91 42 39 02 46 54 30 85 76 93 01 08 18 34 65 17 49 82 96 99 19 75 00 96 84 15 86 12 42 70 63 34
65 03 36 11 57 18 48 85 11 50 93 30 36 11 99 85 93 95 84 65 23 36 61 07 51 99 71 94 22 34 80 87 37 68 50 46 86 98 84 98 48 77 80 84 40 79 21 86 27 58 51 50 94 64 09 98 64 80 44 86 14 24 25 04 44 75 02 30 25 86 80 74 16 60 10 56 92 84 42 71 94 45 73 88 10 82 38 26 62 82 12 28 58 37 32 02 64
35 33 89 21 65 15 37 26 78 46 70 62 40 41 08 86 14 48 48 96 87 26 10 69 38 38 28 27 23 82 91 10 15 32 83 81 48 21 59 78 19 81 92 59 22 00 97 88 48 97 36 35 23 46 57 13 36 37 92 11 19 35 21 87 68 05 20 68 78 31 46 97 12 38 08 34 38 58 22 86 55 10 74 31 56 83 44 44 20 37 56 91 72 29 30 92 86 50
60 64 81 06 13 93 96 74 79 34 32 53 73 39 63 99 70 71 82 15 16 54 04 24 97 28 53 28 21 40 78 33 56 12 92 22 57 88 96 37 23 28 42 48 67 06 99 90 77 81 05 45 87 61 69 84 89 75 64 62 67 95 96 23 07 88 45 16 28 41 05 51 21 48 51 41 06 50 31 83 83 88 81 22 49 50 07 90 25 23 05 92 18 53 68 77 41 65 94
21 07 51 73 80 99 76 73 05 79 04 41 62 92 22 85 93 24 44 36 02 67 41 94 38 94 14 15 87 80 61 08 39 13 33 71 64 62 45 70 41 49 11 03 94 85 40 39 09 84 75 11 04 16 58 42 62 72 09 01 04 23 10 43 36 95 15 52 57 60 22 98 61 85 54 55 70 94 95 32 31 22 43 35 91 53 29 53 26 38 55 82 13 17 26 01 64 93 54 74
05 28 24 66 14 78 74 36 25 21 68 08 43 64 43 34 17 24 40 95 14 47 78 28 16 56 29 80 49 83 54 06 12 79 24 78 09 98 14 86 71 35 94 67 51 89 01 68 13 93 16 28 40 94 56 56 02 37 89 03 21 43 09 85 74 33 63 36 84 29 74 55 16 69 22 67 58 76 88 24 21 56 04 62 02 12 70 04 49 59 07 22 55 16 07 81 01 22 17 37 04
44 45 20 13 19 40 23 95 80 99 17 36 03 31 38 15 53 42 65 13 01 87 20 69 47 01 70 21 71 08 25 15 05 46 80 24 86 03 20 18 03 89 54 06 72 92 74 25 86 39 90 87 78 10 08 77 12 78 99 35 38 24 50 43 22 30 20 60 85 40 78 88 81 32 47 05 76 21 82 14 12 73 53 90 83 61 20 47 92 19 82 30 95 32 26 18 14 46 78 00 38 57
88 71 41 35 28 18 08 10 84 20 83 38 63 19 99 83 66 91 02 01 74 97 33 52 67 00 50 46 00 88 55 88 11 96 76 39 66 36 01 51 57 37 89 20 08 40 03 74 32 57 27 06 06 61 58 74 61 08 72 13 48 79 53 11 75 81 02 94 18 03 97 75 92 86 47 00 26 02 27 10 11 54 68 17 67 26 43 80 86 67 93 86 46 47 97 74 28 99 68 46 55 65 73
99 03 72 00 81 74 27 44 85 81 12 55 01 91 98 81 77 18 75 16 16 74 65 90 54 17 10 53 72 27 26 71 82 99 23 64 25 50 08 11 84 72 66 85 63 16 18 93 86 45 09 03 19 74 93 26 91 56 79 15 83 05 39 66 56 62 82 82 13 42 45 49 14 11 86 78 79 04 71 66 50 32 21 21 06 14 47 50 70 26 65 06 84 04 72 40 19 54 74 32 48 19 33 62
82 19 92 14 23 15 32 25 47 53 47 06 19 46 08 42 73 73 48 09 30 72 49 49 78 76 33 26 95 66 88 30 37 33 44 12 48 28 38 48 81 37 06 00 83 14 42 08 39 42 69 69 14 71 70 92 47 55 18 94 73 59 24 10 44 20 23 44 48 13 92 29 50 50 82 85 64 76 46 04 71 15 25 85 86 48 30 33 03 00 80 77 11 56 87 55 77 62 00 77 75 44 59 77 95
41 15 59 69 61 15 40 28 93 78 67 41 08 52 44 08 32 21 20 89 61 27 18 23 27 95 51 72 54 80 19 47 95 30 17 08 46 09 37 39 87 56 32 47 08 76 56 41 50 28 82 63 55 00 38 35 95 41 07 50 22 78 49 17 08 18 78 06 28 67 97 67 23 29 15 31 58 71 24 60 51 06 23 06 06 61 41 02 03 00 04 77 78 05 94 39 24 24 45 52 91 43 19 14 72 34
46 30 57 70 90 08 77 65 67 35 79 08 89 34 61 45 11 91 51 57 30 75 82 76 27 73 19 98 88 43 85 86 26 42 08 68 03 37 34 70 73 13 78 62 47 39 60 10 31 11 67 13 86 49 89 65 23 60 15 63 56 00 01 82 43 09 50 46 99 36 16 24 01 46 38 00 38 98 10 21 09 78 34 47 79 76 12 54 36 28 17 92 28 70 26 23 32 29 21 31 65 89 55 19 36 93 19
74 92 30 47 53 60 81 01 39 57 13 94 46 93 11 90 74 34 17 49 66 98 71 97 15 60 04 34 48 97 54 22 41 84 69 95 44 03 96 35 12 61 29 58 07 93 49 33 27 18 82 93 16 05 42 31 66 46 66 14 95 72 89 89 08 10 84 04 65 32 39 78 93 69 36 52 62 37 85 89 55 20 34 71 25 76 55 43 74 73 58 21 45 99 10 53 61 94 57 27 26 96 05 72 17 93 76 79
31 62 68 38 34 54 10 59 30 17 03 56 90 13 78 87 64 88 40 25 35 49 04 61 97 61 85 15 55 14 94 38 28 15 76 62 69 38 21 52 55 24 08 97 37 38 84 53 27 76 79 62 25 83 75 75 97 13 90 04 27 36 42 55 03 70 17 73 09 38 77 16 15 37 14 04 76 50 58 03 27 37 65 52 72 92 27 21 05 69 25 32 06 19 87 09 90 04 34 99 95 11 67 10 49 81 66 77 32
24 80 11 13 97 15 38 89 95 59 47 64 37 79 22 56 19 84 46 75 18 97 22 82 65 84 83 46 51 60 30 75 92 41 41 89 09 79 30 04 90 77 68 27 09 43 84 80 27 82 55 97 80 78 79 45 14 14 43 65 26 26 93 18 19 34 59 28 65 42 32 55 71 53 83 80 96 19 12 75 01 68 72 33 98 04 78 12 18 74 30 45 52 23 63 71 57 75 52 22 17 36 29 88 89 12 21 37 83 33
64 37 53 37 70 03 41 01 68 11 75 98 56 27 21 72 50 30 47 02 04 64 39 33 04 80 46 25 70 81 59 86 18 12 23 89 16 16 90 84 28 17 82 36 96 55 08 98 85 07 01 89 23 92 74 28 24 72 53 46 54 12 85 72 25 08 13 93 77 55 77 57 24 11 93 20 18 54 19 03 61 72 44 85 16 70 13 92 43 18 91 97 31 76 21 08 36 87 01 13 42 30 70 19 41 16 39 59 70 10 14
31 34 10 68 02 80 33 95 23 52 38 72 83 14 94 91 50 81 44 16 75 74 38 94 15 54 86 26 76 48 92 08 35 02 28 37 34 62 84 58 14 74 30 49 88 76 92 91 09 36 59 37 10 97 83 77 04 69 55 80 70 47 40 05 49 69 94 83 31 31 93 97 05 76 46 46 04 38 89 66 26 48 03 88 97 86 65 01 08 72 34 30 19 74 35 20 43 81 55 26 64 49 75 70 77 21 68 81 11 57 99 37
05 02 25 54 41 42 56 49 14 90 31 85 16 18 05 12 99 61 90 64 62 66 86 91 87 54 24 51 63 24 40 20 26 18 74 19 60 82 20 27 72 51 12 41 69 70 53 69 83 43 85 45 09 23 36 49 29 60 52 92 36 92 64 63 10 38 82 23 21 03 50 45 54 14 86 76 84 91 45 67 35 82 64 96 05 52 97 86 65 49 78 01 42 42 64 04 32 99 27 05 54 77 51 60 44 89 36 28 81 33 48 68 67
12 64 72 65 62 10 30 63 40 31 05 34 48 10 67 47 89 72 53 67 75 13 63 65 50 91 98 35 39 66 03 52 82 27 69 96 38 99 60 78 30 65 13 78 27 32 77 17 04 30 36 80 96 99 97 98 42 95 33 82 13 88 86 95 16 55 92 06 06 52 84 88 69 49 19 97 81 96 66 38 79 02 70 75 53 67 25 95 14 58 29 27 47 67 22 15 74 14 21 32 18 57 21 88 07 40 37 88 88 03 78 67 57 48
94 62 67 19 57 81 30 39 08 29 58 83 44 33 49 65 65 68 22 38 56 81 78 45 70 67 48 00 86 57 49 33 19 16 52 28 50 34 67 58 63 26 41 07 11 91 24 28 11 99 67 19 80 97 64 02 16 64 03 03 21 52 36 40 20 40 68 70 27 88 81 90 66 74 50 29 17 26 09 28 25 76 47 06 26 63 08 42 27 63 97 00 67 85 40 88 78 61 10 05 01 91 95 67 18 97 96 35 24 57 16 49 34 15 07
12 79 68 54 58 31 52 59 99 37 51 39 15 64 49 72 65 93 20 84 63 17 80 98 93 38 14 43 24 30 02 36 09 70 42 19 02 46 78 53 84 82 92 51 46 93 24 12 38 44 96 01 13 29 00 07 19 66 02 95 96 04 83 57 75 25 77 29 72 07 82 08 89 74 11 36 19 35 00 58 31 96 59 45 77 11 52 96 78 54 91 26 10 26 36 85 52 13 14 76 72 48 36 62 74 47 50 94 35 50 04 66 98 63 63 76
27 15 24 57 21 68 83 84 94 71 69 98 84 36 74 09 84 10 23 11 10 25 05 45 75 09 11 25 24 75 53 03 42 78 60 16 46 96 00 92 67 21 91 04 09 17 13 46 80 88 57 90 13 62 35 40 23 98 65 47 73 71 03 68 49 63 36 47 11 88 91 31 09 82 35 19 00 00 65 80 40 74 70 53 36 57 93 11 55 10 58 81 33 61 49 82 77 37 81 40 25 73 71 86 07 58 57 07 10 74 39 50 48 61 03 36 18
48 47 74 11 58 55 44 71 56 79 00 45 60 41 22 85 12 08 45 23 18 52 33 44 44 84 93 05 39 81 76 88 29 50 99 39 57 43 10 65 74 11 10 87 04 84 72 68 44 17 91 62 22 25 07 18 09 52 75 48 33 51 88 14 53 39 05 10 35 16 27 09 79 89 96 35 73 69 03 18 38 95 32 12 20 39 30 81 43 06 81 29 09 70 95 63 09 01 25 44 69 53 06 00 94 02 35 68 23 38 38 62 33 70 26 05 10 09
86 05 67 20 34 76 90 30 39 51 31 65 48 52 70 54 52 64 56 87 84 32 25 22 94 11 93 72 16 55 81 55 60 48 75 47 25 17 77 16 20 60 33 20 12 55 74 64 72 83 03 56 15 80 79 61 91 24 33 60 31 67 67 91 67 94 90 44 11 67 61 83 79 46 04 43 02 78 07 74 13 62 30 80 43 61 41 86 37 27 46 68 46 65 60 13 59 02 58 22 70 71 06 01 17 10 45 19 40 04 93 06 67 76 86 62 37 80 48
75 59 47 95 05 12 07 18 72 10 28 46 80 99 52 33 17 14 78 36 55 83 82 13 02 58 99 64 47 79 12 74 90 59 70 95 24 29 66 48 39 46 94 19 46 99 53 63 13 83 51 20 66 85 33 20 95 85 84 95 16 97 21 07 08 43 54 84 73 20 32 12 67 79 84 65 78 89 80 43 72 31 64 91 69 49 11 64 34 96 59 03 45 81 10 53 76 64 90 49 37 22 62 56 01 46 21 31 35 01 75 07 84 39 50 53 40 62 18 27
58 29 30 55 62 40 60 39 56 50 88 93 73 02 01 26 48 22 58 35 75 85 95 60 24 45 65 16 07 35 43 17 65 73 72 79 13 33 70 22 35 11 67 08 13 69 87 14 43 97 49 19 82 44 31 58 42 96 74 49 32 18 19 97 91 43 28 57 76 99 31 12 10 98 72 75 19 11 89 63 08 91 82 42 35 13 00 29 09 75 79 93 45 50 42 88 93 71 97 22 22 28 86 32 27 10 59 46 22 49 09 82 92 43 25 27 08 77 09 70 04
40 63 01 90 06 90 83 77 87 57 99 16 43 83 95 54 94 93 28 95 55 10 87 98 87 67 59 17 76 29 21 16 92 23 06 50 65 41 27 52 99 78 20 42 13 15 48 60 09 76 55 16 39 43 14 26 10 25 95 86 54 69 02 99 44 60 49 09 01 29 61 00 59 34 95 25 49 43 85 10 20 40 26 59 83 93 37 93 18 85 79 25 54 33 24 98 93 25 07 47 54 20 47 14 54 94 39 56 38 24 66 10 64 45 69 00 90 58 93 08 43 25
85 97 10 09 47 56 35 54 03 41 75 02 07 81 97 46 37 35 22 56 45 39 01 66 91 43 76 84 03 20 61 89 69 72 98 69 28 85 23 31 79 50 33 86 32 82 85 21 17 59 77 14 98 30 32 89 73 09 26 77 81 39 66 02 11 16 71 91 54 95 74 85 97 60 71 81 42 56 03 12 16 80 78 66 63 11 08 88 20 86 65 53 25 83 55 89 52 27 32 58 74 07 43 71 19 66 05 13 23 08 77 91 40 56 09 55 67 69 44 39 55 61 92
81 45 99 22 49 26 54 59 52 61 02 76 32 20 81 46 95 41 23 86 81 79 48 37 98 17 33 89 25 94 33 06 39 33 28 40 11 82 99 16 96 53 92 80 74 25 26 69 66 02 08 99 81 08 88 32 25 21 21 50 16 55 08 07 40 88 00 03 23 99 19 71 05 11 51 31 36 30 00 54 32 60 54 13 68 94 97 46 16 71 48 84 78 09 43 18 97 43 21 72 95 41 95 00 04 47 31 93 77 83 47 09 96 53 74 64 48 72 10 16 95 11 00 73
20 43 91 69 39 64 42 34 57 37 86 62 36 69 55 13 04 54 74 00 08 49 65 56 73 27 24 68 38 24 93 58 19 36 80 10 00 22 96 10 11 82 72 48 51 79 13 08 33 88 08 41 89 25 49 62 53 73 82 43 49 75 54 21 63 34 83 15 08 80 25 19 62 97 19 66 28 33 74 62 21 82 55 62 08 57 24 13 82 58 56 84 85 62 57 48 96 40 63 04 20 89 76 83 38 95 01 67 28 27 81 01 61 88 63 21 97 39 34 80 49 43 64 34 05
21 34 02 61 50 58 34 91 34 69 29 30 70 48 10 97 81 64 58 22 27 80 19 19 66 99 68 61 15 55 67 88 89 21 02 91 31 36 82 66 05 64 48 75 12 10 24 46 74 34 68 54 66 87 73 33 39 93 94 54 48 13 43 90 34 97 81 66 33 64 84 38 28 32 65 92 42 41 38 69 75 58 23 42 98 96 27 37 41 73 43 90 87 38 80 21 35 61 39 68 77 75 58 05 07 75 50 02 68 40 71 44 99 46 38 49 94 65 86 35 38 81 25 77 20 57
51 55 71 90 76 48 66 86 06 25 62 08 79 30 48 02 26 99 48 16 48 42 33 86 30 24 68 55 01 40 65 52 95 36 95 23 36 13 10 94 38 24 02 70 06 03 24 33 02 73 01 03 67 35 89 97 59 09 05 60 49 22 65 97 58 60 20 46 73 82 93 63 06 95 85 13 98 10 98 53 83 51 56 02 86 97 52 97 59 09 10 60 31 75 57 41 87 30 87 60 64 80 75 71 28 61 36 78 71 86 31 06 37 39 60 76 37 12 73 96 21 35 56 52 10 66 93
49 48 33 61 12 65 37 35 45 50 71 24 73 09 55 79 99 95 39 75 84 04 00 32 25 88 88 30 50 06 75 00 54 08 61 67 26 50 02 71 00 26 95 73 87 03 04 86 50 96 13 34 00 14 66 77 02 06 07 04 13 83 04 19 43 66 38 69 68 41 41 69 19 88 94 06 91 51 93 41 47 58 27 99 72 93 76 26 00 36 31 65 71 87 84 66 05 23 36 74 16 29 95 87 17 89 93 61 92 38 54 39 97 82 90 21 75 19 00 27 07 83 92 78 70 29 44 76
52 32 02 20 61 97 07 31 86 00 44 79 91 98 70 40 80 13 13 08 32 13 35 39 48 80 69 71 09 13 47 13 98 01 33 11 98 92 42 36 44 38 67 35 37 38 27 17 51 41 25 35 54 13 74 55 93 43 26 54 08 25 67 06 26 52 18 24 44 12 60 88 03 28 76 40 18 03 09 21 44 87 08 51 00 82 06 45 77 32 99 37 57 18 44 83 22 14 07 66 78 19 06 81 99 82 73 69 86 83 42 82 70 50 33 22 84 39 19 61 71 70 51 28 88 95 63 10 61
22 28 91 42 86 73 93 69 98 63 07 81 05 89 03 56 23 77 40 14 96 54 38 66 05 66 06 52 82 68 65 04 48 56 98 35 81 92 04 80 55 11 13 12 52 17 68 27 94 61 42 43 67 80 09 72 98 68 24 32 36 41 37 85 97 35 20 31 79 76 11 86 39 76 99 91 45 19 71 92 32 65 35 99 97 96 71 47 64 47 80 53 88 69 38 38 56 10 69 36 86 32 22 25 08 73 68 06 93 91 98 25 56 33 25 53 29 48 01 46 48 81 99 36 50 89 26 58 51 95
94 37 79 69 14 40 42 34 46 87 26 44 65 82 29 42 88 10 90 89 56 38 22 07 27 24 48 05 82 99 01 29 88 32 98 02 24 40 89 70 28 15 66 93 49 95 35 37 06 77 78 14 68 00 74 47 76 22 52 11 22 05 40 10 38 38 65 14 78 06 85 58 73 03 03 22 51 90 12 09 20 90 75 88 43 49 35 19 72 87 30 46 45 22 08 83 60 25 97 91 31 34 01 04 90 05 27 41 47 39 50 67 81 25 55 24 27 42 96 99 82 78 45 27 01 05 62 61 31 11 04
62 46 06 67 88 11 46 29 58 37 31 78 18 08 33 95 35 28 91 34 10 21 31 89 22 37 51 36 20 62 40 82 60 46 49 48 09 47 29 20 84 60 98 55 21 31 50 56 11 93 43 73 14 26 62 89 15 65 25 35 28 17 18 40 64 19 41 73 19 70 93 03 83 43 58 56 75 60 12 38 53 55 12 68 34 74 09 49 92 34 85 72 51 55 12 67 26 05 93 45 28 38 01 63 82 11 19 09 72 31 47 25 39 11 45 25 38 54 74 30 40 11 02 44 18 66 63 97 72 08 94 52
47 95 15 81 59 34 42 31 17 41 08 08 53 06 33 43 12 60 73 05 23 27 49 94 45 64 91 69 73 85 21 72 33 36 05 92 22 47 75 92 88 35 52 93 93 38 36 06 50 61 11 73 40 12 67 86 28 10 55 01 96 77 25 81 65 30 25 40 77 52 32 18 87 36 63 81 74 52 39 24 13 02 50 54 66 17 92 94 80 47 48 28 24 73 09 42 56 86 82 33 38 66 03 77 54 67 10 29 19 49 05 84 03 55 90 69 25 82 16 05 82 16 33 58 89 94 00 97 80 34 83 70 52
86 47 07 05 10 36 76 59 93 61 15 01 03 36 78 86 52 83 68 68 68 26 10 14 79 59 46 13 42 68 66 29 15 73 34 77 61 63 37 06 24 04 07 79 40 85 65 45 20 85 65 40 64 27 54 95 87 52 60 29 20 26 58 88 51 45 65 64 08 54 71 84 58 30 63 51 68 81 96 88 18 61 29 34 89 35 29 28 40 90 57 60 68 68 00 72 13 18 88 73 72 11 09 83 42 24 34 62 57 82 50 76 95 31 62 36 19 44 64 59 86 22 71 06 90 24 78 55 42 19 80 14 30 41
49 24 65 35 86 23 69 89 51 65 20 65 01 39 09 18 50 95 92 74 54 34 98 32 89 40 03 21 06 34 62 08 10 79 43 97 54 13 86 05 30 58 71 83 50 32 01 52 80 93 26 34 27 76 18 68 68 22 41 75 08 55 35 18 35 78 67 89 43 05 47 73 64 70 09 14 02 10 66 82 56 45 68 35 21 87 56 90 61 49 17 69 05 04 39 40 82 07 81 78 64 28 03 28 98 12 94 53 75 13 87 83 58 56 18 31 95 26 73 56 76 42 77 81 46 68 73 81 27 54 59 92 35 14 20
85 79 67 38 54 80 78 37 90 34 07 73 81 34 47 37 10 41 66 43 88 34 16 69 62 22 80 06 57 46 26 95 25 45 33 31 77 11 20 67 97 80 93 78 14 40 67 76 33 33 19 21 20 87 42 34 09 74 40 19 21 18 14 98 64 47 82 41 11 54 61 60 34 54 91 00 46 58 76 79 44 47 53 64 86 95 98 96 22 38 15 95 56 29 93 72 28 27 66 91 82 27 04 16 33 95 17 79 53 45 10 97 45 63 13 31 11 63 79 33 01 46 28 10 75 73 34 56 01 00 99 83 27 03 51 12
98 20 91 04 18 02 53 63 17 19 46 28 82 26 13 84 72 41 46 00 67 32 08 68 33 07 03 12 63 06 25 13 27 68 69 45 22 23 60 40 42 58 20 24 36 34 60 09 27 58 61 94 91 21 14 76 28 69 88 43 28 13 57 55 82 78 52 04 01 64 96 95 22 17 72 11 51 84 20 30 43 33 77 86 54 43 62 34 13 50 30 41 16 39 48 50 17 52 06 71 68 03 66 42 20 90 53 23 75 73 05 70 58 82 56 64 26 18 51 91 20 81 84 88 20 32 38 89 36 45 60 04 48 79 46 20 69
00 95 96 25 00 66 36 35 22 00 61 92 51 52 65 84 88 53 56 20 92 46 08 89 58 12 89 37 10 09 59 10 04 55 88 56 22 24 91 96 76 04 89 80 08 54 64 96 59 73 68 03 19 76 92 77 40 81 67 51 90 26 13 46 81 01 55 03 77 46 00 54 03 41 86 11 47 50 08 06 75 76 10 94 53 02 24 45 36 91 96 78 17 62 25 50 63 32 06 93 30 06 99 33 99 85 45 46 87 05 52 63 81 14 09 86 69 33 32 05 76 80 83 45 42 60 96 58 44 02 51 75 60 02 08 59 39 05
57 26 10 61 41 44 76 51 82 97 36 14 54 65 47 37 10 89 50 58 47 94 60 50 69 72 04 30 83 43 35 40 22 98 02 63 42 30 66 24 79 03 91 33 68 38 70 30 79 72 89 79 19 01 81 40 74 86 70 09 29 58 50 51 56 04 67 50 86 33 26 65 88 69 98 08 07 20 39 39 93 80 18 64 81 99 04 07 85 75 17 67 33 67 18 41 23 85 43 09 71 69 26 59 39 24 68 98 96 59 37 89 39 07 53 72 07 10 80 44 85 97 11 70 16 82 63 39 67 06 00 38 27 26 50 18 02 70 69
98 29 06 40 20 14 45 92 73 55 72 17 40 69 29 62 37 11 25 76 30 83 28 21 63 54 23 81 56 93 50 55 74 09 47 46 75 92 38 48 48 63 17 88 84 98 03 22 61 80 50 44 64 79 65 27 33 88 60 42 33 11 49 07 72 96 53 47 88 43 47 36 06 64 77 91 15 32 65 76 12 15 20 76 94 37 55 80 77 16 22 10 79 23 69 03 19 22 50 59 18 49 48 76 65 25 67 80 09 84 09 21 00 29 50 94 67 05 26 96 73 48 07 04 71 76 07 42 51 09 02 21 58 02 97 24 79 17 56 88
01 65 09 53 47 11 00 66 69 26 62 42 75 69 99 98 98 58 93 01 20 47 74 30 49 71 06 28 88 63 68 42 28 77 95 75 89 95 41 58 22 56 52 49 77 03 99 75 14 92 28 34 91 54 64 92 26 71 72 66 86 40 08 14 70 04 42 11 51 35 21 73 91 25 74 21 29 74 48 95 18 77 29 62 31 45 54 09 16 27 76 54 19 36 69 89 92 63 00 44 50 73 17 94 99 92 15 80 18 63 75 36 92 56 98 76 01 05 85 70 32 13 24 51 50 45 93 42 60 45 38 11 19 56 57 18 00 24 98 18 87
25 06 32 81 57 60 82 62 45 04 94 11 29 97 13 74 42 07 35 88 46 98 07 54 07 77 54 31 27 24 70 52 82 54 85 39 14 19 01 12 24 47 23 53 97 36 79 39 95 66 27 41 16 86 95 23 63 01 06 90 25 77 94 08 31 79 99 98 51 01 10 75 00 33 80 97 21 59 37 16 78 16 58 94 03 05 70 18 07 28 09 32 05 55 92 89 87 92 39 38 45 49 13 45 82 45 95 55 04 32 71 34 00 81 29 03 87 51 22 46 79 83 78 37 90 23 78 77 67 17 67 12 66 80 09 00 25 04 55 82 36 78
16 37 12 97 92 51 00 66 97 80 49 27 69 40 50 99 69 17 16 37 81 34 69 91 86 47 95 41 29 84 71 97 73 35 47 65 86 47 32 83 79 33 11 00 25 13 99 95 83 67 32 64 01 01 55 87 00 03 80 81 87 04 79 60 39 78 77 78 77 61 61 09 95 24 09 20 38 61 67 21 28 99 37 82 53 93 21 53 96 54 87 35 58 66 47 49 96 24 27 73 86 41 34 33 65 44 05 55 05 73 28 85 24 66 67 29 11 41 35 59 95 22 94 05 40 41 06 36 65 34 61 03 27 96 88 92 92 46 00 49 71 80 34
95 98 54 25 09 47 12 68 42 34 14 99 26 55 05 62 73 91 75 28 18 23 69 63 15 15 63 64 86 95 51 33 94 57 10 03 04 22 24 98 08 38 97 34 46 02 48 71 94 24 99 64 47 20 27 15 35 90 31 73 38 34 07 32 91 69 87 47 92 63 97 52 54 94 87 00 49 35 71 95 11 22 59 11 43 87 26 30 29 09 04 67 44 63 51 87 32 39 87 76 02 84 29 56 79 68 08 80 55 31 75 67 54 86 30 49 25 08 79 55 17 35 74 13 50 26 01 35 17 40 63 71 24 44 80 55 12 88 35 68 72 62 87 78
49 17 27 74 25 58 81 94 46 56 08 48 34 61 83 03 01 99 74 25 43 06 81 08 95 16 28 19 31 15 97 80 32 76 06 09 34 40 03 32 96 11 81 82 72 16 85 73 15 11 51 59 18 32 19 65 00 47 84 83 62 81 15 46 09 22 07 43 62 10 76 10 74 09 44 98 25 81 24 41 92 75 52 62 59 71 27 11 70 63 95 32 96 10 30 05 84 37 01 98 47 29 60 73 38 04 72 15 85 96 08 30 23 60 92 34 83 72 45 53 87 92 37 84 55 67 89 39 04 42 90 04 71 50 77 09 55 01 25 92 49 33 74 72 46
67 06 81 91 04 87 78 96 24 14 51 44 04 43 00 98 33 04 70 83 34 31 90 87 56 35 37 42 09 61 40 28 20 73 19 24 60 50 72 37 64 76 81 20 19 81 19 04 38 89 39 24 20 30 11 29 17 00 23 26 62 63 07 34 88 78 10 49 28 82 86 93 10 19 65 81 00 36 85 38 25 25 14 98 07 26 79 76 26 02 02 40 17 09 74 05 88 84 06 68 19 92 13 29 63 79 11 64 15 48 54 93 73 69 43 32 47 74 08 73 28 63 14 45 24 40 02 12 25 61 33 44 05 46 25 69 77 88 85 45 37 39 38 10 60 33
95 07 07 03 33 35 18 99 32 43 39 86 07 16 47 40 12 53 39 38 74 16 26 59 61 63 50 51 26 11 36 21 70 43 76 55 78 95 54 62 38 46 49 97 62 48 38 75 01 77 65 75 45 91 86 07 07 37 10 85 48 47 58 70 90 86 26 21 81 32 35 71 78 84 21 93 33 59 20 86 88 85 14 33 28 00 92 35 37 03 72 37 02 30 08 44 17 86 65 50 18 01 74 49 37 95 42 22 54 14 09 94 99 75 27 27 75 20 15 65 75 87 02 77 70 62 21 87 48 39 89 19 92 63 20 81 58 14 04 64 28 13 58 79 88 38 06
15 10 73 80 85 13 35 14 83 97 35 22 98 26 63 69 70 27 89 52 37 55 56 54 83 21 64 62 61 02 20 28 12 46 09 49 59 44 63 94 93 51 68 91 29 31 12 00 10 53 52 00 08 60 54 43 81 18 57 94 73 78 22 37 76 83 87 35 27 50 81 73 53 01 16 83 84 29 83 95 82 87 95 43 47 01 86 80 71 96 26 44 26 48 82 02 32 21 89 11 71 22 36 77 23 53 60 07 34 95 54 16 82 01 11 81 54 50 13 26 46 39 22 72 39 04 74 23 77 15 35 01 37 23 78 60 76 38 19 10 85 74 79 19 27 90 00 82
92 65 08 38 04 30 62 43 87 88 67 64 03 54 65 40 77 95 52 06 85 24 16 70 50 47 89 77 90 41 59 82 06 19 21 62 02 83 06 41 24 25 57 27 79 75 20 08 70 24 14 56 48 83 78 98 30 20 76 72 13 87 55 72 59 28 34 61 63 92 02 87 17 59 15 48 86 87 09 57 11 75 65 60 58 43 58 41 15 86 13 29 74 68 01 33 48 87 46 12 80 48 99 49 59 66 98 98 53 59 55 65 34 72 25 93 67 35 86 83 22 99 64 48 20 65 33 68 04 79 32 84 79 32 34 90 50 84 88 04 43 95 21 77 67 98 22 35 33
08 18 07 60 34 07 32 51 40 52 55 71 85 92 02 69 26 93 19 62 33 75 05 29 96 34 48 46 09 83 32 69 53 39 29 87 99 13 90 39 18 46 11 03 38 65 24 16 58 95 78 92 23 35 73 71 69 21 18 30 57 50 00 62 41 81 02 40 95 92 80 13 38 43 68 76 08 44 44 19 39 22 63 62 57 88 34 79 61 04 09 18 54 61 81 95 43 35 88 38 27 20 03 66 15 71 94 23 15 39 94 06 13 09 21 71 97 07 02 59 11 63 29 17 25 10 64 68 45 52 58 25 72 61 91 87 84 37 63 51 76 57 09 90 67 30 13 16 37 67
75 00 82 05 17 07 67 82 27 65 34 37 90 59 50 33 46 34 70 61 37 99 19 47 89 38 77 54 06 67 73 82 67 55 39 85 15 06 19 94 23 05 32 13 64 82 46 63 69 69 24 06 68 95 05 09 85 35 63 92 02 88 74 21 43 65 58 58 71 77 05 95 83 37 60 99 71 07 62 92 28 87 51 96 82 56 05 68 91 20 60 45 08 86 67 03 51 25 14 74 55 19 21 38 56 82 37 79 41 00 24 69 39 75 65 21 83 22 41 75 42 53 72 02 91 39 05 42 17 19 69 72 38 42 10 46 24 99 78 17 51 02 38 90 29 55 64 12 77 05 39
71 59 12 73 50 03 31 45 20 02 66 92 41 08 54 39 85 54 17 02 05 71 41 48 00 48 12 13 26 17 04 49 28 16 75 31 20 06 76 40 08 94 33 01 02 39 93 87 93 10 42 51 34 35 99 86 83 11 99 61 80 56 11 09 72 86 40 44 44 68 85 04 62 70 06 16 09 99 56 55 61 98 58 47 33 57 34 68 20 85 30 52 41 41 13 14 79 53 10 75 73 95 79 87 17 37 04 79 88 60 34 50 10 44 49 95 01 83 63 73 69 93 25 10 86 39 76 17 44 87 92 70 34 24 57 04 61 13 83 50 73 69 52 35 13 01 30 66 85 94 91 54
39 68 16 78 07 45 95 04 84 40 26 70 64 83 74 25 49 09 75 74 30 27 10 95 81 40 61 66 34 52 72 26 21 40 04 80 37 99 36 21 39 14 44 55 50 70 81 99 32 08 73 62 88 83 58 69 24 71 87 10 76 59 36 49 51 40 81 89 92 70 62 83 84 06 39 34 77 72 33 61 32 07 23 72 42 33 93 18 05 80 29 33 91 17 82 43 58 15 32 02 85 94 85 70 01 76 04 30 00 90 91 33 49 66 05 91 00 99 10 57 31 91 90 23 08 24 66 18 39 98 20 25 44 58 47 97 34 03 79 87 93 22 20 42 89 77 86 41 28 96 98 60 39
40 35 47 16 01 66 55 51 38 32 95 96 31 45 83 35 24 70 80 47 42 75 88 19 61 29 00 09 79 12 48 19 47 95 35 00 13 42 03 52 27 50 00 58 95 35 93 20 57 74 19 99 49 07 71 62 36 71 71 15 35 19 86 82 66 73 82 80 15 37 84 42 87 36 01 83 72 46 55 81 72 74 81 73 81 04 35 17 27 58 84 62 77 70 44 96 43 78 28 10 15 12 05 54 00 06 37 24 04 92 06 77 66 39 02 99 43 90 16 70 48 00 84 78 22 80 74 17 58 02 28 25 66 33 79 66 91 69 43 95 13 49 24 80 40 79 31 83 69 48 05 17 00 89
47 75 69 21 92 79 75 20 56 93 05 87 12 96 56 55 44 70 56 20 02 96 99 33 79 68 33 36 38 86 77 85 61 46 07 53 77 34 26 33 28 31 20 40 80 29 47 24 99 03 44 53 99 44 38 30 64 72 66 02 58 43 88 71 41 47 24 18 33 50 03 61 34 23 53 14 52 00 38 03 55 34 08 54 30 47 84 95 71 02 49 29 45 89 00 38 36 76 56 22 79 59 83 13 35 89 79 39 41 69 43 97 03 51 03 86 50 88 33 21 42 82 02 88 72 54 78 60 31 35 82 62 46 18 27 81 59 06 21 00 75 16 49 30 19 53 68 70 41 01 91 35 84 46 23
08 00 54 20 31 89 55 45 87 25 72 69 84 30 42 36 57 10 86 40 29 39 08 51 32 10 95 67 46 41 43 06 41 97 26 25 38 33 70 25 58 95 46 94 25 88 31 35 98 17 75 80 08 83 31 40 93 26 59 91 19 02 97 61 51 76 38 89 09 60 67 20 07 13 14 33 02 97 20 52 14 95 32 74 30 16 66 76 94 26 67 14 80 17 27 84 93 17 73 54 77 92 74 85 06 41 70 60 90 90 12 57 37 97 31 67 65 98 43 59 24 63 25 56 80 52 40 73 69 66 79 99 58 06 84 64 47 06 24 37 48 89 94 85 38 78 52 03 76 48 62 52 11 40 60 43
44 01 16 14 19 47 65 77 53 01 94 00 07 70 90 55 11 36 40 49 14 44 04 42 44 19 94 07 59 07 50 03 08 18 69 27 66 34 56 19 35 50 72 94 73 14 49 84 02 41 86 69 38 90 11 34 09 58 42 68 65 44 72 25 15 41 04 33 28 60 04 63 63 28 10 88 42 59 72 97 53 10 66 91 01 29 77 10 39 71 31 04 16 03 81 83 96 85 16 24 98 20 40 61 49 02 01 43 61 73 92 66 84 58 09 37 40 87 47 79 58 78 36 26 33 17 09 82 55 25 58 53 98 50 66 47 52 67 42 14 92 35 32 28 45 42 65 85 29 65 17 39 95 53 66 29 70
75 11 25 01 69 78 99 20 96 98 72 63 92 38 56 27 71 84 25 65 02 10 94 67 27 33 62 32 99 43 03 27 54 80 28 76 11 79 48 07 77 72 23 69 11 79 49 34 15 74 99 17 36 45 36 16 30 99 48 82 42 03 09 49 36 37 25 47 68 25 06 97 97 29 18 08 60 67 94 28 93 45 45 82 90 34 98 21 33 98 03 27 54 64 28 90 53 53 89 21 30 47 18 28 29 88 36 89 56 83 17 01 28 15 83 19 49 33 92 34 84 47 13 38 11 42 80 64 47 21 37 78 68 07 06 97 95 94 39 51 77 56 05 58 23 40 77 24 74 21 10 10 68 76 48 31 18 80
47 17 01 84 47 21 91 05 71 38 00 10 42 29 18 47 87 42 87 16 18 13 89 29 23 57 57 23 40 75 03 87 44 56 23 92 30 66 97 01 05 49 11 47 31 29 46 70 23 33 87 94 47 76 75 22 86 32 46 78 59 01 18 03 58 41 47 88 08 97 41 65 46 04 12 29 85 58 00 09 43 39 55 42 15 30 65 53 14 11 84 73 12 02 28 22 43 76 62 03 25 55 68 23 59 32 53 45 42 53 06 38 92 61 80 59 91 97 65 57 60 49 30 25 51 58 47 46 86 62 50 11 17 70 35 77 03 40 22 97 93 28 35 37 41 68 48 84 65 13 41 26 14 71 51 65 81 50 12
68 64 14 31 82 84 18 11 39 58 85 37 03 65 24 92 06 92 41 90 10 06 31 88 73 02 91 90 35 93 02 55 58 68 87 92 53 57 03 44 68 88 33 23 53 58 16 59 02 09 01 64 67 32 52 40 86 95 31 21 89 85 77 47 54 16 91 59 25 94 03 93 34 37 17 39 47 33 50 01 94 51 66 61 35 70 02 21 66 85 94 07 70 71 06 76 39 97 35 65 91 91 58 77 80 75 16 27 60 18 80 54 69 46 68 04 17 70 77 35 55 71 42 77 95 48 54 34 45 41 99 88 32 10 17 64 37 85 43 98 03 24 04 24 70 72 80 39 94 57 74 01 28 68 79 23 16 85 58 13
26 09 53 11 71 22 27 09 07 71 59 10 95 15 86 17 40 66 57 34 23 83 88 52 52 19 27 20 04 37 86 82 99 39 45 70 62 73 79 21 44 90 84 91 06 70 08 46 37 17 32 12 53 20 16 05 91 44 77 47 33 63 30 32 03 27 03 17 00 34 90 96 25 74 39 83 45 00 29 34 17 13 46 22 86 15 27 77 59 05 25 92 20 07 77 23 34 80 92 87 14 83 35 91 09 75 74 06 75 55 40 44 21 39 67 07 54 94 36 65 51 13 09 72 20 86 47 07 18 92 46 85 27 81 28 36 56 03 43 31 10 35 76 83 26 95 90 32 41 79 49 93 92 59 17 65 97 16 24 16 08
70 53 87 51 81 24 60 36 19 43 99 54 71 82 81 66 73 65 08 04 15 53 96 74 70 13 23 38 37 91 99 07 44 86 11 78 62 23 14 81 66 13 36 90 96 69 56 21 34 64 25 49 17 73 75 39 87 99 30 76 42 29 84 87 67 47 65 30 22 31 11 40 45 99 30 93 20 87 14 07 03 91 56 21 16 84 12 03 35 42 80 77 23 16 16 91 15 81 73 89 65 36 29 10 36 60 55 08 99 69 15 02 12 72 75 28 08 88 84 43 82 64 20 58 32 37 49 99 70 74 88 35 10 17 97 46 77 52 55 28 73 22 31 37 46 06 66 54 46 50 97 29 66 70 87 98 59 88 97 29 62 85
17 72 54 66 71 84 71 78 12 96 00 43 34 47 50 00 53 48 02 51 77 68 73 16 66 32 56 15 13 18 00 82 43 06 01 66 90 72 44 03 20 96 46 54 95 48 06 49 97 08 52 26 76 25 95 94 09 51 09 22 70 61 57 65 68 58 31 58 82 27 13 02 75 60 57 71 60 15 72 57 24 24 36 52 01 31 47 10 82 08 84 04 70 41 21 90 99 52 00 81 31 14 36 07 74 45 30 86 60 02 96 36 78 32 89 79 15 88 41 49 96 77 06 18 19 27 08 70 32 61 52 63 75 40 22 01 85 52 87 45 06 83 82 84 67 23 15 82 11 08 84 07 86 90 78 05 17 86 75 49 47 79 65
74 71 39 75 56 44 15 02 50 98 36 87 18 59 54 52 22 63 36 81 49 26 59 06 96 98 33 45 97 65 62 72 36 02 47 93 46 62 47 48 13 35 87 31 46 42 35 68 57 72 49 06 50 61 64 46 59 49 92 56 14 06 28 03 60 28 48 58 42 95 07 07 82 46 90 28 88 26 48 45 98 97 03 00 10 19 47 69 69 91 78 35 97 58 38 58 38 38 68 81 33 27 88 67 74 79 95 62 57 43 60 07 93 15 07 03 35 54 25 56 45 03 91 43 61 82 53 00 20 21 33 06 49 73 73 75 04 21 89 61 64 49 68 09 17 76 13 04 82 38 60 28 93 03 23 06 37 28 58 58 49 91 16 50
17 41 25 21 62 15 83 27 16 03 36 33 31 01 89 14 91 49 94 84 05 17 91 42 45 01 52 46 93 68 49 62 10 26 83 72 93 66 51 10 22 40 95 53 41 85 19 33 86 13 69 91 82 12 34 79 14 86 78 59 07 27 21 17 05 56 41 99 75 93 09 97 33 56 02 26 93 22 11 80 87 33 71 70 45 57 01 11 96 79 22 03 06 95 72 12 52 13 63 27 06 72 24 91 80 78 70 74 00 81 06 40 14 29 62 12 87 63 75 35 43 98 90 01 45 62 13 97 75 76 24 34 00 00 77 33 31 47 59 83 81 65 23 95 94 85 59 33 49 35 20 44 85 10 45 30 72 11 80 00 39 04 34 40 57
11 25 40 11 84 23 92 01 47 39 95 84 99 81 85 86 01 29 23 64 75 53 36 86 33 36 25 90 22 17 99 86 94 39 97 78 14 41 31 13 80 79 98 31 60 35 69 13 17 92 29 92 98 66 30 83 54 07 25 29 77 24 15 71 15 64 02 30 57 33 95 37 64 93 21 24 81 42 90 98 35 19 42 85 37 72 68 44 31 94 73 08 70 40 32 38 56 86 20 13 71 15 02 36 61 75 60 42 18 02 92 05 74 34 42 63 58 10 07 89 56 32 50 79 24 34 69 32 20 89 97 91 56 52 27 17 27 40 11 97 94 03 54 68 89 96 84 47 59 43 89 67 76 91 46 52 25 67 37 45 56 34 88 13 38 16
82 18 56 94 15 02 49 22 71 39 18 07 86 77 50 27 97 78 18 95 31 43 63 68 40 71 54 29 36 93 45 19 11 53 65 78 55 14 00 78 05 71 85 44 00 88 71 97 66 90 93 97 85 08 17 26 79 24 07 16 17 04 87 80 09 52 58 16 18 11 95 24 82 32 68 82 20 91 80 39 33 25 36 71 33 06 97 12 30 56 80 99 60 67 79 69 19 89 85 90 52 32 14 34 17 34 69 89 77 49 28 11 26 17 82 59 23 31 23 05 87 56 56 99 23 87 68 95 28 05 85 81 38 51 15 55 37 84 96 14 85 25 77 63 42 59 74 17 42 98 74 81 06 30 80 29 69 00 24 97 06 61 78 96 12 94 03
01 30 99 16 68 24 93 31 18 05 06 87 47 56 61 29 62 43 61 43 12 62 20 10 20 81 88 16 46 34 19 47 17 18 15 85 95 09 16 65 14 74 53 13 30 66 94 44 10 56 88 22 70 08 84 90 41 25 06 39 59 77 39 28 47 54 13 94 15 82 60 81 56 65 95 39 31 41 83 41 97 23 16 19 83 52 09 25 77 67 16 89 96 55 17 44 10 83 90 25 65 50 07 73 67 54 12 99 95 48 92 45 71 08 64 07 13 74 84 90 93 00 31 90 56 01 86 18 84 28 43 49 79 02 74 98 56 87 97 04 35 90 49 58 50 13 65 63 39 49 06 85 02 37 27 58 90 13 76 74 41 71 75 72 26 50 71 34
37 20 38 24 10 87 34 13 53 52 28 92 53 34 29 55 24 56 13 14 21 41 89 63 65 16 87 91 66 10 25 55 83 64 31 45 03 66 58 56 70 87 01 23 73 30 79 97 87 44 12 08 86 53 23 51 21 63 94 40 25 19 95 08 35 79 54 39 97 64 95 67 51 48 90 25 79 21 74 18 66 38 26 52 43 02 55 65 65 49 05 42 20 52 51 56 31 57 95 80 21 42 47 25 43 90 02 74 11 76 92 77 67 70 81 10 72 88 27 89 89 84 32 10 37 35 66 20 92 13 53 13 07 00 38 50 42 92 24 54 69 68 83 88 39 17 98 63 05 78 53 95 62 37 57 51 72 75 72 64 88 25 29 47 77 20 50 20 12
74 26 33 95 61 21 34 30 72 97 36 50 02 83 64 39 92 16 11 67 40 27 07 65 57 54 94 29 56 66 41 83 44 27 78 58 48 12 88 72 61 76 74 64 11 39 03 03 55 67 22 95 46 29 12 55 36 58 84 92 77 26 27 21 53 05 79 53 17 20 78 31 96 52 95 60 43 50 63 98 69 86 45 16 67 09 71 55 68 56 00 45 34 27 18 39 33 50 92 02 70 22 33 18 75 28 78 18 31 94 69 00 32 66 68 51 76 40 07 96 48 07 93 34 86 63 73 19 13 17 74 35 40 07 06 67 88 84 37 19 30 06 71 62 73 40 66 01 32 73 97 80 32 42 14 70 05 39 90 19 56 64 06 48 23 12 15 11 49 53
82 79 59 54 94 84 46 60 85 78 85 34 10 69 76 76 39 82 15 81 53 71 97 59 20 21 72 87 84 21 40 19 52 52 73 46 36 71 58 74 49 95 08 59 64 37 87 56 19 02 37 24 25 35 83 97 08 55 85 44 28 25 63 81 77 88 79 66 59 38 40 08 85 00 19 50 89 06 06 08 60 95 84 86 82 68 83 42 75 20 87 04 46 50 37 75 91 68 93 50 06 85 11 44 38 82 94 27 41 52 88 01 99 72 39 82 40 75 24 68 95 63 24 93 66 61 21 57 29 66 07 88 52 70 32 90 53 78 69 46 82 57 47 81 30 39 15 22 66 92 90 13 55 14 07 21 27 80 30 09 46 38 97 50 60 81 92 13 11 62 11
93 71 59 26 53 50 94 76 16 86 18 29 93 33 88 67 12 20 97 21 19 87 18 69 48 51 14 13 62 28 25 07 99 36 86 53 38 80 29 06 18 99 35 11 84 76 30 97 48 80 18 67 67 89 89 67 92 03 33 55 31 10 14 82 46 00 35 36 80 16 42 50 16 29 14 00 05 44 49 06 24 20 73 44 09 62 63 53 17 96 60 00 06 75 83 04 75 18 40 08 35 34 58 03 64 72 55 21 69 05 27 45 77 53 89 38 15 05 91 85 01 52 85 60 27 68 64 54 87 57 62 74 43 73 29 07 97 84 81 66 41 60 12 18 13 53 56 81 58 00 66 12 52 51 72 31 20 88 85 59 97 00 85 41 25 14 00 22 50 81 89 44
94 53 14 07 58 23 88 17 23 06 29 27 10 01 58 30 41 95 41 39 95 78 32 72 92 32 95 94 66 36 90 60 41 05 19 99 80 60 16 03 66 97 30 76 50 40 58 92 35 51 83 83 29 15 55 73 47 50 20 65 38 10 77 79 67 97 79 99 09 95 54 27 45 84 04 95 76 14 87 12 18 70 95 99 85 02 73 85 05 45 02 43 07 80 23 27 29 54 26 38 01 81 65 46 17 21 42 94 88 29 58 06 52 05 05 89 07 30 74 12 27 77 56 35 09 31 62 38 85 88 76 86 21 41 33 39 15 75 85 03 56 43 09 60 48 66 50 55 49 76 20 76 05 28 11 14 59 25 04 96 14 80 34 87 74 67 26 89 94 11 44 03 54
05 63 54 71 65 62 72 42 82 49 99 62 12 66 73 38 70 69 04 03 03 91 77 23 70 18 69 81 62 72 88 67 88 94 90 53 56 63 47 90 64 99 52 28 65 77 66 35 46 22 38 02 14 67 25 84 85 94 17 99 19 57 18 59 52 61 64 08 76 12 51 40 11 55 68 28 33 87 63 79 09 54 33 75 21 10 11 59 57 81 10 76 38 29 35 90 90 99 51 66 63 54 58 26 09 78 54 42 17 70 74 27 24 07 54 45 70 66 56 27 47 67 55 37 96 42 80 38 93 83 56 09 37 66 35 46 44 42 41 62 12 15 41 88 74 95 85 96 13 42 23 12 09 78 50 57 72 30 47 66 65 03 75 02 21 62 48 17 04 41 31 68 56 72
08 83 20 94 79 33 36 55 98 97 85 48 54 58 30 53 24 95 56 51 49 29 13 49 46 70 91 78 90 99 50 99 82 22 93 14 08 81 69 06 78 54 06 84 64 88 37 88 35 45 91 84 74 57 33 20 79 24 50 21 76 53 20 58 75 65 24 83 98 45 41 76 00 47 12 64 35 49 05 22 46 48 06 72 05 92 45 36 68 95 58 44 48 78 55 24 96 79 59 94 25 01 23 77 48 35 93 36 37 50 58 35 99 65 08 56 09 53 93 77 48 51 22 97 81 29 73 77 08 32 24 85 33 47 14 34 34 08 22 71 10 80 59 09 97 67 66 06 20 59 36 68 62 58 17 43 39 42 73 47 75 97 85 60 96 51 46 30 59 68 54 70 49 13 31
98 80 49 57 52 08 93 72 22 03 42 18 42 84 91 41 59 40 78 72 36 30 18 18 41 39 24 63 40 37 95 38 69 44 47 73 05 40 46 27 43 88 45 37 24 88 79 36 28 57 08 16 39 78 87 81 17 11 44 57 01 91 48 22 88 95 96 93 88 94 72 83 34 70 21 58 58 52 94 39 61 54 07 01 33 94 82 02 58 78 12 59 22 60 33 10 07 29 03 95 75 27 79 09 97 52 20 08 04 66 99 65 21 06 18 06 53 52 08 11 83 20 22 05 32 55 15 40 37 18 87 12 97 18 74 95 70 46 55 26 12 54 44 33 12 62 39 17 15 48 80 98 20 54 55 53 10 70 45 47 40 32 11 37 03 37 84 73 83 39 00 96 45 44 81 10
58 21 79 73 21 60 23 93 14 78 46 76 00 43 75 40 76 87 78 31 24 14 04 08 06 56 56 51 52 37 13 11 10 93 36 31 05 60 25 19 90 23 48 43 67 23 83 95 10 13 26 87 28 30 47 86 39 03 89 91 92 03 02 03 48 39 34 53 51 11 24 93 35 72 36 54 96 72 49 58 85 27 97 65 09 44 51 48 99 41 40 44 96 42 47 44 33 33 49 84 45 25 30 32 98 66 86 46 38 87 56 76 14 54 41 23 50 45 72 02 38 64 46 34 58 93 30 92 26 31 28 23 56 58 55 54 25 93 52 15 32 09 91 46 15 85 22 17 30 46 19 68 10 17 54 68 10 84 12 89 15 41 12 23 99 20 78 76 65 82 92 98 43 35 96 58 20
18 76 50 64 47 70 74 65 24 95 75 60 07 16 27 48 81 03 00 53 81 28 18 15 72 16 59 08 65 69 28 83 45 31 00 45 01 74 10 78 21 37 90 29 54 70 29 87 73 81 40 06 10 58 21 82 27 32 90 92 02 71 27 99 02 27 44 03 54 54 33 75 44 24 56 50 46 86 37 19 19 77 25 81 87 98 64 66 31 06 58 85 77 38 84 31 65 81 35 71 87 20 47 31 44 03 81 90 41 18 61 13 47 38 94 35 37 10 01 20 17 12 05 46 02 41 78 19 74 65 91 62 37 90 93 82 45 27 24 39 97 38 52 97 76 46 32 13 57 85 85 26 49 42 24 51 84 02 71 58 19 62 72 57 04 18 91 49 45 67 88 94 05 40 91 82 39 75
47 96 61 33 74 62 75 98 14 11 53 85 22 72 99 94 81 55 12 24 04 09 44 45 56 49 85 47 83 76 23 83 72 36 68 98 98 43 97 64 07 50 01 29 74 52 75 56 07 40 32 12 01 76 57 57 78 94 05 13 71 80 96 95 68 64 94 18 60 43 83 67 93 84 48 67 37 23 75 44 63 60 08 65 36 17 74 66 12 31 80 35 11 76 82 31 93 28 50 53 71 85 72 16 69 20 36 06 43 63 03 59 23 63 76 12 81 50 78 45 82 10 32 45 87 14 29 32 95 31 85 18 16 57 35 85 77 71 44 72 34 99 83 10 62 11 22 43 62 52 88 96 63 20 93 02 87 22 34 82 53 71 00 21 28 87 07 57 58 03 81 45 02 17 07 16 28 29 60
90 33 00 38 96 73 84 50 12 58 84 46 12 07 46 85 87 86 92 96 96 47 78 41 01 95 00 18 23 29 78 66 15 30 56 11 55 40 14 67 99 98 13 63 58 12 48 45 98 93 42 94 40 20 88 94 67 88 12 42 70 42 60 85 72 17 48 28 09 62 47 08 13 61 23 71 25 72 16 23 17 10 69 09 82 09 03 49 50 15 44 20 57 04 57 82 73 05 62 83 20 09 91 33 70 15 56 95 39 24 70 56 35 92 65 17 01 69 67 51 36 63 23 94 67 80 76 41 38 38 24 58 99 67 43 22 34 51 69 73 75 40 81 10 84 99 80 85 20 99 37 56 62 60 50 29 93 78 22 31 68 98 41 20 66 36 42 52 87 11 26 14 03 59 25 87 58 05 25 78
56 62 87 18 74 89 99 19 20 22 50 88 20 43 60 38 31 02 91 18 66 69 33 21 28 10 09 39 67 34 69 23 48 56 41 74 98 92 94 18 14 96 58 87 92 19 25 23 21 68 42 39 37 27 61 18 89 22 57 56 56 78 31 56 87 24 82 85 16 76 03 31 25 61 70 17 80 95 92 54 64 86 45 53 13 06 71 02 28 28 10 36 07 41 44 94 65 27 79 82 55 34 65 80 95 35 49 28 82 42 34 98 80 79 52 94 38 23 48 18 52 11 55 11 52 99 57 70 78 88 04 34 22 69 66 69 56 68 49 90 62 83 89 42 15 41 36 05 64 37 23 68 48 30 31 52 30 88 22 60 28 26 94 50 47 61 72 55 81 21 46 43 57 35 85 24 28 74 29 92 11
04 13 11 35 44 63 65 33 38 25 61 64 72 64 64 85 36 71 66 09 17 09 66 04 94 42 32 20 23 25 31 28 38 94 63 34 58 80 67 96 57 81 12 29 45 28 66 33 00 32 42 17 93 61 22 40 03 06 60 79 83 44 07 73 38 70 08 96 02 75 44 59 08 57 41 05 85 07 38 37 92 33 55 85 94 29 77 49 35 38 80 19 82 87 92 20 09 00 69 11 28 65 23 88 22 64 94 60 23 32 97 67 17 04 05 63 85 82 65 21 20 45 92 54 33 36 75 42 89 96 06 69 61 29 57 36 45 51 48 68 36 97 88 53 54 93 17 39 75 82 60 48 27 04 02 12 41 29 07 82 77 13 51 39 42 08 27 87 12 75 07 48 24 95 01 78 40 70 18 16 04 30
16 84 87 70 96 80 52 55 62 29 68 13 20 62 73 99 01 85 26 61 33 51 08 87 81 49 09 99 17 14 82 33 98 69 55 46 49 07 02 11 89 22 76 09 37 49 09 38 35 35 51 20 38 60 59 20 09 69 71 78 83 53 11 33 74 18 31 23 26 85 86 15 08 62 76 97 12 37 35 99 73 39 19 63 99 79 83 60 00 07 38 83 60 01 68 35 19 51 10 45 37 97 12 97 11 89 94 75 26 81 74 51 20 46 67 19 77 02 79 77 09 17 12 70 18 80 57 90 31 19 35 20 16 00 17 28 41 11 03 67 45 30 71 65 76 38 85 53 40 16 82 02 86 94 24 56 74 33 46 57 52 34 30 69 34 47 49 75 11 04 94 56 86 65 21 62 55 58 67 48 27 49 02
13 95 26 69 69 59 16 79 11 50 61 32 84 08 33 11 71 90 05 79 76 23 53 91 30 63 10 30 90 12 32 03 07 58 73 29 17 89 08 81 91 21 13 27 81 99 38 53 89 95 84 65 18 37 08 49 01 19 31 91 31 64 95 38 22 20 67 92 61 27 25 52 48 38 79 30 89 17 35 78 12 19 96 83 09 04 84 10 23 15 53 54 79 00 93 54 72 12 98 33 40 23 85 40 13 16 22 03 33 57 33 98 29 29 81 38 34 17 00 57 32 05 12 64 06 57 18 78 21 68 64 13 91 49 54 56 66 76 11 51 86 45 49 15 74 82 05 08 99 05 66 84 10 30 48 68 39 18 99 60 86 63 26 29 12 80 37 30 08 49 82 46 94 83 13 68 18 18 77 69 23 95 53 86
77 01 54 16 71 53 28 09 16 54 38 81 86 28 63 47 77 97 45 71 81 59 39 51 77 68 20 53 15 74 39 92 27 45 60 99 99 89 08 67 95 99 00 34 27 64 33 56 61 78 27 94 89 18 45 67 39 66 72 54 92 11 47 19 08 07 18 59 48 79 27 96 30 79 82 09 43 15 65 05 45 44 51 35 62 97 54 01 15 26 56 07 89 55 26 97 14 97 57 15 28 36 11 58 15 45 19 59 12 84 16 09 28 67 44 42 16 50 44 31 28 52 38 17 59 65 67 73 14 76 40 42 12 03 00 79 48 19 90 60 55 06 70 35 26 66 77 94 69 73 26 97 77 16 67 36 81 86 62 95 62 02 89 26 06 89 05 54 60 96 67 67 54 89 54 32 55 32 27 76 57 05 74 35 21
93 71 55 79 33 02 93 88 92 19 94 33 24 48 46 72 67 65 27 56 20 11 64 04 38 40 61 95 66 48 69 59 20 76 90 05 78 83 93 22 54 87 08 31 88 06 03 55 71 82 12 91 94 28 95 84 68 09 80 35 57 01 46 29 77 89 87 07 24 80 30 79 20 90 10 60 96 65 67 19 48 31 11 42 59 58 26 28 19 58 15 77 59 61 58 36 02 45 44 27 26 26 06 98 16 68 10 64 33 77 83 33 09 46 75 20 57 54 48 76 12 63 05 72 77 64 60 79 09 04 58 87 82 64 85 50 84 47 14 70 25 50 03 86 96 31 06 53 85 55 30 97 70 35 21 99 51 82 31 61 38 89 48 21 06 86 71 90 33 86 12 10 36 68 96 84 99 03 90 84 10 72 33 32 59 55
84 11 89 15 72 27 04 20 48 10 58 20 53 92 58 17 02 46 85 99 30 84 54 72 20 16 44 54 00 04 61 84 15 50 99 87 29 56 59 78 66 18 50 71 62 08 89 64 06 74 15 88 11 21 61 31 37 05 37 38 09 50 74 76 52 74 63 82 30 75 12 48 93 62 20 55 22 61 71 28 35 87 16 98 60 77 82 98 35 71 88 44 74 62 73 26 88 36 60 70 63 24 19 56 38 91 63 60 52 87 40 39 74 57 90 34 86 72 84 21 43 24 18 17 87 91 96 27 79 08 98 95 33 17 51 71 60 67 32 12 54 24 03 80 33 93 66 20 17 03 93 61 27 63 30 66 06 78 94 38 87 92 33 20 61 36 43 21 55 27 85 09 52 40 41 85 34 60 05 03 63 51 64 42 66 47 61
73 25 55 11 64 99 96 84 12 32 28 85 88 55 70 49 59 62 43 45 48 55 02 52 18 53 16 12 20 15 73 45 93 80 08 57 79 04 94 91 88 22 28 28 29 98 78 89 61 73 86 09 28 88 13 98 42 30 10 14 97 36 11 90 16 19 00 48 75 94 91 63 68 20 44 49 70 74 38 83 47 24 45 27 65 58 25 07 88 87 73 38 23 84 80 92 55 80 40 82 74 83 97 42 03 41 92 74 15 82 57 14 59 02 41 24 61 18 83 01 06 08 39 81 44 72 25 99 52 17 33 27 01 30 21 04 72 65 30 39 00 88 54 59 42 95 35 03 14 18 57 72 78 48 53 22 20 79 73 73 96 06 52 49 36 25 54 60 91 84 00 91 24 54 02 67 01 37 22 67 07 79 39 85 28 45 07 00
76 80 73 24 38 77 74 74 03 28 87 94 64 87 37 41 93 39 08 94 76 30 62 83 62 01 68 42 98 27 42 74 07 68 99 97 45 73 71 48 53 10 94 17 97 31 10 90 22 18 37 50 01 51 33 63 04 53 57 03 80 99 77 39 67 76 36 13 49 60 13 54 70 60 24 20 43 34 62 66 53 51 16 06 02 02 21 07 07 78 10 40 77 39 31 45 16 20 10 17 80 75 72 02 35 96 74 79 30 89 45 35 40 13 41 95 67 62 02 75 40 64 15 70 55 46 67 71 66 77 41 98 52 13 53 40 61 27 19 43 68 16 79 09 81 72 56 49 87 58 24 79 74 91 49 29 37 16 53 56 45 94 54 50 59 07 90 72 87 61 15 07 77 46 68 10 19 24 59 06 34 35 85 08 26 87 90 16 03
95 72 01 41 78 51 52 38 41 24 77 02 39 84 31 38 53 93 57 77 05 15 12 40 52 72 19 39 14 35 95 09 59 96 50 37 47 02 75 40 78 52 94 70 37 77 08 42 70 65 19 75 32 83 68 84 56 87 76 70 74 71 32 33 19 34 70 18 89 98 58 67 50 04 37 39 81 45 81 03 62 53 79 94 88 99 79 44 86 07 67 60 78 51 45 49 85 67 67 74 65 77 42 68 81 79 07 14 77 41 17 39 46 48 86 34 47 65 31 33 72 50 45 02 01 42 51 86 10 18 61 75 95 03 43 28 34 03 42 63 96 59 03 42 60 89 28 07 06 59 93 30 09 90 84 10 33 35 97 43 05 10 18 52 65 14 32 51 17 74 15 13 85 70 07 45 11 35 05 69 47 50 99 56 40 35 19 73 70 16
68 27 78 39 31 43 53 63 94 22 89 09 87 74 31 94 72 42 81 29 11 28 79 62 37 71 97 56 97 19 24 65 46 02 56 29 45 09 92 39 83 81 01 70 08 32 16 32 75 98 13 38 78 92 01 15 15 98 71 12 70 95 30 16 97 86 46 42 48 90 34 31 24 87 02 32 19 18 16 46 16 29 85 95 73 38 62 88 88 34 01 58 81 83 27 79 69 25 73 17 15 59 49 39 46 51 23 18 21 39 64 38 68 01 85 41 91 99 82 80 33 35 90 15 18 69 46 87 94 19 57 62 31 06 53 77 09 77 95 30 68 12 20 89 13 57 82 57 57 64 37 90 99 79 57 17 49 55 57 43 27 14 57 58 20 11 35 81 88 83 11 08 95 32 97 60 41 80 17 98 44 06 41 96 86 50 13 87 06 22 82
33 36 40 91 08 51 78 89 91 61 01 99 08 85 97 69 26 29 38 77 25 45 18 21 83 68 87 22 26 09 04 59 98 44 50 06 47 81 96 38 42 49 38 03 86 87 24 64 16 62 41 93 59 11 15 94 32 54 16 58 63 21 18 61 17 20 20 65 01 16 55 96 17 45 99 03 32 23 19 00 37 61 94 49 24 61 43 56 15 60 15 78 33 33 92 50 53 12 67 07 80 23 03 49 68 54 04 53 77 23 05 66 36 99 15 61 12 59 17 27 71 32 58 56 65 02 58 71 14 26 78 46 01 81 95 21 35 99 74 64 74 80 82 11 31 98 72 44 09 89 23 32 22 81 88 39 83 98 10 49 24 40 95 77 21 42 99 08 93 73 24 68 05 07 79 89 57 51 33 18 92 08 50 14 90 90 54 25 88 16 75 65
57 22 94 30 17 93 91 10 19 67 30 76 26 09 65 83 12 50 53 05 59 55 71 49 97 77 74 86 94 01 03 03 76 97 33 93 43 24 55 62 92 86 38 18 47 56 54 12 06 59 17 65 15 88 66 12 18 93 50 12 94 53 15 70 03 00 15 46 77 71 60 69 09 50 39 56 06 45 68 13 05 37 30 72 78 97 84 96 90 87 08 36 92 75 07 95 75 74 93 52 97 05 73 06 56 65 63 14 62 83 79 19 21 10 43 51 07 28 47 97 67 07 85 59 34 92 55 61 19 00 14 16 58 39 23 66 56 38 80 71 21 60 90 94 22 34 45 29 14 44 78 81 03 63 40 37 08 47 99 27 00 65 95 58 04 18 24 13 08 56 84 82 16 26 28 90 12 26 19 78 70 49 11 74 65 04 63 25 03 62 04 03 27
99 13 84 70 37 49 78 94 33 12 62 11 41 53 76 67 24 54 89 26 18 15 91 22 79 16 25 93 20 81 21 71 94 57 41 84 06 72 30 91 84 92 54 77 97 30 96 74 37 86 00 55 01 91 77 32 59 54 26 31 35 47 02 82 56 96 66 62 20 48 05 56 92 59 34 90 90 30 64 27 68 16 34 70 59 11 54 18 17 80 01 53 79 55 87 35 51 05 49 23 53 06 80 45 66 66 87 08 48 03 87 17 19 21 39 78 84 93 96 01 26 49 06 05 05 93 93 08 50 94 32 03 01 64 01 19 82 88 27 30 92 66 47 11 87 38 90 23 32 38 24 10 40 31 15 45 76 08 05 27 03 89 82 56 53 83 75 87 72 54 18 16 20 17 27 59 56 69 82 40 60 58 50 00 41 17 97 70 26 02 97 81 44 31
37 49 15 64 37 39 18 55 55 38 72 34 49 80 56 83 20 68 41 22 20 35 40 17 05 18 71 02 99 67 33 88 17 00 52 54 39 70 09 46 60 33 33 61 14 89 44 86 57 37 09 29 72 01 98 77 19 69 31 70 89 17 58 06 69 62 60 09 84 21 07 96 54 40 57 20 81 53 59 90 90 20 19 15 21 17 92 92 39 76 62 28 45 72 34 14 86 46 75 70 67 83 18 73 75 75 46 57 80 57 99 70 77 19 37 50 88 82 42 79 58 04 59 03 28 93 17 14 91 93 36 10 28 54 36 03 29 82 12 09 39 12 31 68 83 69 18 23 51 60 55 61 16 14 16 96 60 33 10 51 78 46 62 58 00 50 62 81 32 26 42 23 90 25 43 25 46 13 49 97 25 56 10 41 70 26 89 30 12 99 82 42 97 96 01
49 46 15 82 30 41 76 05 32 01 00 09 48 13 10 97 38 66 60 79 37 86 20 67 50 19 01 93 68 97 94 69 95 09 51 25 02 27 82 86 80 82 96 80 95 06 30 33 25 90 64 62 28 84 29 79 55 83 72 75 80 18 44 28 27 47 05 29 26 88 16 07 22 64 39 18 22 69 03 47 11 68 09 40 04 91 71 12 74 43 87 06 13 32 34 40 31 40 21 58 80 89 17 02 05 56 72 28 78 76 75 41 96 85 33 52 28 04 64 54 99 52 60 12 36 47 04 67 39 78 77 19 67 94 73 73 03 46 01 33 74 28 74 70 65 60 22 93 64 39 99 64 91 12 28 79 59 33 98 98 11 76 69 30 22 94 55 77 40 08 62 14 37 37 36 02 49 11 48 13 50 47 29 93 59 58 72 70 91 70 20 54 98 41 36 21
36 92 50 76 00 13 43 37 02 31 92 51 42 92 64 44 39 94 37 51 04 61 21 95 32 94 01 82 35 37 03 71 29 54 00 82 19 95 71 21 26 63 72 21 55 88 17 47 82 55 50 86 68 71 33 00 17 86 83 53 24 38 24 05 44 76 87 63 71 59 36 50 74 08 23 82 97 40 29 31 47 31 70 16 02 55 68 72 42 03 25 18 42 01 23 38 78 63 54 01 74 90 51 00 51 74 82 00 15 63 83 14 94 53 30 49 09 99 21 03 02 98 21 96 99 96 87 77 59 93 79 85 35 82 86 86 57 68 38 24 84 22 90 78 75 21 79 36 72 00 39 26 98 60 75 50 57 62 79 68 55 58 54 90 93 92 29 50 60 67 26 96 41 16 27 17 89 06 05 61 59 97 40 09 57 15 59 66 77 39 87 84 49 93 26 42 85
55 44 97 75 22 94 16 91 21 85 80 79 91 94 38 40 34 00 49 49 11 16 78 50 55 62 52 48 88 46 33 96 91 30 71 65 24 39 56 97 25 37 77 68 31 67 08 17 67 57 66 79 25 44 81 80 58 33 28 46 32 13 42 23 44 65 88 20 05 97 18 82 34 47 50 17 14 10 34 34 19 52 65 45 48 46 77 06 32 58 52 64 71 47 39 15 64 79 88 69 76 58 51 62 05 53 79 71 63 65 57 83 69 22 80 17 69 57 23 53 15 28 17 87 27 56 54 91 87 94 61 64 52 64 26 09 70 58 81 33 75 38 68 45 13 00 14 82 58 38 35 25 18 04 64 45 12 71 36 99 65 49 15 18 14 42 79 84 52 60 69 79 51 90 24 64 42 91 98 00 29 85 78 47 89 94 44 53 65 80 52 83 30 68 01 96 62 32
32 66 45 01 45 96 43 22 12 86 13 62 38 94 99 68 93 88 63 37 93 80 17 45 63 99 65 16 95 79 49 27 97 94 81 43 42 76 17 06 14 82 68 53 76 67 73 21 07 36 58 00 17 27 97 80 27 15 97 74 46 98 54 44 92 87 39 34 63 56 40 78 90 60 83 66 27 08 39 86 45 97 86 14 76 35 46 55 50 95 30 49 93 84 93 37 23 32 71 86 40 11 16 30 23 51 48 50 60 87 36 57 84 74 71 12 62 69 68 64 17 98 13 10 34 06 48 09 90 71 95 30 35 64 60 58 15 60 61 75 47 49 32 83 76 55 96 38 77 64 02 94 14 68 56 00 26 56 09 17 28 56 99 15 20 60 73 88 72 34 63 20 36 48 03 12 03 51 50 80 67 04 74 33 24 83 33 51 39 94 68 67 03 67 82 23 79 08 63
04 94 27 24 30 75 79 42 30 31 44 63 50 01 89 84 77 72 69 28 12 64 48 31 19 68 66 94 99 74 58 03 68 85 27 51 12 59 45 94 42 90 09 92 43 99 28 20 23 98 01 35 14 49 19 33 17 85 27 69 59 85 72 79 22 52 30 86 11 76 33 05 18 42 49 13 41 78 33 65 76 34 52 90 36 71 23 05 56 02 74 67 40 99 47 14 51 29 01 14 57 86 19 75 28 68 88 22 46 74 39 74 60 91 64 96 15 39 02 23 42 28 91 34 27 90 48 78 71 01 44 29 87 63 56 68 84 97 90 82 71 29 57 31 72 73 80 39 13 34 63 07 62 06 41 90 96 41 20 19 95 65 48 82 80 05 02 16 02 92 51 25 73 08 08 98 81 88 89 46 22 52 53 37 58 46 27 06 88 99 26 83 16 26 17 97 31 20 65 85
