41
55 04
87 91 22
01 22 22 77
01 67 33 08 57
72 66 20 80 77 15
08 82 73 05 46 56 14
26 45 27 67 52 83 06 44
58 07 66 80 36 20 99 21 28
09 94 94 29 74 24 97 34 58 70
92 04 78 06 82 23 86 01 76 21 59
20 79 18 38 12 54 58 63 76 38 72 22
85 54 96 61 03 82 19 25 74 75 03 33 09
26 71 10 54 92 21 26 24 39 65 88 45 75 03
73 14 28 95 51 82 43 12 85 26 31 62 52 58 65
37 67 43 08 29 98 53 50 24 29 89 41 17 34 17 20
08 83 00 55 86 82 99 98 19 25 81 81 29 39 46 67 06
42 27 35 40 80 85 16 09 26 58 78 60 27 51 20 62 51 76
48 86 75 46 05 52 27 39 33 18 37 00 76 79 80 11 71 60 48
88 22 26 98 52 38 77 03 59 39 07 87 87 93 14 33 50 18 12 89
51 82 79 04 58 10 84 21 82 96 21 22 70 47 20 23 85 49 78 96 88
85 35 75 30 49 60 81 67 72 22 71 54 01 75 64 12 11 85 46 07 06 68
30 05 40 53 90 89 83 39 77 69 26 04 51 76 64 32 95 88 07 18 94 60 93
58 72 04 43 70 64 01 38 94 06 30 99 48 19 82 87 48 03 14 04 55 42 68 39
89 08 46 08 02 07 53 60 31 10 55 02 26 08 92 20 14 23 71 63 94 05 02 95 09
68 99 64 62 20 03 52 28 02 12 31 09 17 43 40 27 51 94 53 59 87 25 74 62 96 89
56 02 91 03 63 12 55 27 74 75 82 78 03 36 42 86 45 60 30 38 87 33 32 41 92 71 18
66 33 15 07 42 69 51 45 32 63 00 11 89 75 45 68 31 82 10 17 79 70 99 17 10 32 50 03
25 21 21 43 07 88 03 49 09 54 46 41 17 47 04 06 74 02 26 57 84 89 27 15 11 26 33 21 11
35 76 88 08 98 83 15 38 86 16 48 40 63 41 09 62 98 68 88 00 94 46 36 35 73 51 47 51 36 20
14 71 97 02 80 95 38 47 85 76 64 33 17 79 27 78 41 25 46 29 77 93 27 13 80 00 16 27 04 53 48
18 24 45 73 56 92 63 56 77 39 72 63 08 51 42 87 92 67 85 73 96 30 01 09 11 53 25 90 57 78 90 28
55 35 53 11 79 16 19 57 55 91 72 64 42 14 03 86 33 40 12 29 71 13 90 34 66 15 76 76 46 67 04 01 02
09 64 34 25 84 43 32 27 15 48 70 81 03 08 14 44 20 95 67 85 85 53 04 52 29 80 98 96 36 51 51 45 16 85
22 52 28 06 79 43 07 01 76 10 62 90 06 82 37 73 20 22 26 24 74 56 04 73 04 92 24 55 89 92 40 11 44 68 69
76 63 76 77 39 87 39 81 93 74 18 19 46 92 45 70 67 53 26 92 58 18 68 13 07 13 54 70 09 74 39 85 38 68 15 29
55 06 63 00 32 81 19 78 26 17 00 45 22 26 37 80 96 57 46 55 22 52 25 32 26 17 17 16 85 84 98 92 91 61 92 75 94
64 54 20 33 54 65 55 33 54 88 29 64 34 85 86 86 62 18 64 31 88 33 16 24 83 60 67 96 05 43 90 69 49 63 54 55 80 09
88 87 97 70 51 31 55 37 69 69 08 86 01 48 71 69 72 06 30 40 02 87 35 44 08 84 07 62 39 40 71 28 27 21 98 78 04 05 67
74 26 27 12 79 75 35 49 00 41 31 92 43 18 79 87 26 63 47 40 02 87 11 82 14 32 32 44 37 89 63 63 16 91 27 95 18 62 96 18
